22
27
7
51
22
25
20
13
40
77
13
15
49
35
29
10
3
6
26
92
32
14
84
4
6
18
11
24
17
46
23
11
21
3
17
8
12
5
34
50
108
15
22
32
13
3
12
11
1
14
0
0
3
60
9
11
20
14
17
8
40
41
21
1
12
49
11
10
5
2
10
10
3
10
7
21
15
12
5
103
4
25
25
6
112
47
4
26
12
38
57
23
34
11
8
68
10
6
16
19
55
14
74
2
14
23
49
3
3
8
14
5
21
88
2
15
5
11
13
15
58
5
10
22
12
17
13
2
15
4
62
46
73
20
16
6
7
19
20
48
13
2
12
29
11
15
34
11
141
18
16
6
17
9
34
31
44
25
31
38
14
13
103
25
5
5
11
10
4
6
25
8
43
16
20
49
23
1
17
20
29
20
79
5
3
11
1
1
23
17
13
12
100
9
11
5
16
6
16
17
8
10
15
56
15
48
18
41
67
53
29
22
11
6
44
7
5
13
9
3
43
5
57
5
15
14
67
15
22
68
3
13
10
18
20
41
5
16
52
39
42
27
16
6
2
6
173
26
27
22
12
1
6
32
32
9
22
4
15
14
75
9
7
105
11
11
10
31
53
25
13
13
22
17
8
6
6
8
43
3
13
26
53
9
28
34
75
3
11
5
11
9
9
4
10
17
10
17
16
6
4
55
42
178
39
2
17
29
18
7
8
6
21
81
21
16
30
9
11
10
7
14
107
5
70
19
8
75
11
26
3
12
22
9
61
13
17
26
16
71
11
11
7
7
30
8
39
12
11
10
6
6
66
8
85
9
10
11
6
41
13
9
9
14
32
7
20
22
32
6
63
2
49
23
31
24
8
9
87
41
27
17
20
80
17
1
19
35
5
45
7
18
6
15
12
53
91
21
29
7
44
6
11
6
57
19
24
33
62
8
17
18
5
49
9
32
22
19
33
14
18
51
29
10
11
9
21
10
37
47
19
9
18
7
22
6
13
13
162
21
7
7
55
71
2
11
6
55
9
3
4
3
10
8
4
3
4
12
45
2
34
14
21
29
19
3
18
8
33
35
36
13
3
4
24
85
27
3
5
10
34
2
23
38
22
26
34
12
6
31
40
64
23
5
42
3
12
61
7
55
10
2
38
60
13
24
6
8
19
19
17
246
14
15
11
7
2
1
7
7
18
5
41
7
40
8
2
20
39
4
9
4
41
39
16
10
90
16
6
15
7
3
5
44
11
3
28
16
4
22
15
24
20
33
20
11
5
20
17
26
30
89
6
10
125
9
29
22
113
60
16
11
32
8
5
23
21
100
26
18
4
6
2
3
3
61
6
56
11
16
19
30
23
101
66
142
57
8
9
41
17
22
1
121
58
37
13
18
11
5
274
13
7
26
30
155
9
5
16
34
35
22
8
13
100
10
6
7
3
72
46
20
4
27
58
10
9
35
11
21
3
24
4
39
38
50
166
18
11
29
6
13
60
22
23
43
26
29
15
48
7
2
47
15
13
7
17
5
17
23
35
18
10
36
9
1
27
26
8
38
121
27
6
21
32
31
5
69
0
2
28
1
46
0
58
3
5
35
3
14
23
21
61
2
22
98
26
8
84
17
47
37
22
22
11
8
28
8
68
101
18
72
2
9
7
20
29
24
70
6
15
11
51
69
6
21
24
26
27
21
2
66
1
0
53
22
12
2
9
2
62
77
3
32
11
16
13
220
23
10
4
10
3
7
2
15
12
2
19
8
13
101
26
4
3
11
9
1
57
45
48
7
41
14
40
41
48
7
93
31
48
15
1
73
5
8
52
31
8
35
14
22
10
14
1
40
7
18
3
36
15
13
3
15
71
5
26
3
10
73
23
12
79
2
12
7
13
21
67
10
25
27
126
2
14
19
27
9
23
3
27
71
3
4
21
49
5
51
33
37
73
14
42
5
41
18
406
7
5
3
13
20
22
13
20
26
4
14
18
4
16
30
30
25
8
18
26
4
10
86
42
3
12
22
78
14
20
95
9
8
3
65
162
7
21
22
77
52
130
190
6
6
24
87
6
7
5
9
22
9
26
26
15
30
8
16
14
56
0
15
143
11
43
7
28
20
92
25
15
35
12
46
4
26
99
10
32
5
18
14
3
42
42
6
4
9
2
13
28
32
12
61
42
6
13
10
62
33
14
16
3
11
147
24
4
14
18
2
11
11
14
13
8
77
16
18
119
20
16
3
37
17
47
12
3
49
6
13
16
50
7
3
47
30
11
5
3
34
27
18
33
27
19
10
27
11
47
53
3
12
13
17
5
138
1
8
19
22
20
13
41
10
11
16
23
44
21
31
4
24
20
5
6
33
4
30
10
5
23
8
5
46
42
3
4
12
4
35
9
13
6
3
1
24
61
26
4
5
41
6
45
10
7
4
12
4
9
17
44
12
5
18
53
9
60
11
11
36
3
27
14
8
19
20
58
2
32
18
9
22
30
119
27
8
20
4
6
9
34
50
3
20
17
95
18
102
17
7
2
51
14
7
9
12
13
7
55
4
46
17
5
30
18
29
16
5
20
10
74
43
11
6
36
9
16
43
20
16
4
18
20
22
5
20
8
18
18
5
21
67
42
11
9
99
24
14
22
13
3
21
56
35
17
13
20
13
2
45
86
3
4
17
3
0
51
20
28
27
9
4
14
2
19
2
9
77
47
4
18
5
37
250
5
14
73
69
43
42
18
45
83
65
7
57
55
38
27
13
34
49
3
30
146
51
5
28
9
2
61
11
14
13
3
8
9
7
320
11
7
15
8
62
24
13
22
6
18
10
17
8
41
28
28
28
40
14
6
17
11
32
21
9
6
11
