6
11
4
8
7
10
4
6
20
25
6
6
15
13
13
6
0
3
4
20
17
4
29
0
0
6
5
10
6
14
7
5
6
2
6
3
6
0
11
8
30
6
5
6
3
1
5
1
0
5
1
0
0
25
6
8
9
4
9
2
8
7
6
2
6
12
7
2
2
3
6
1
3
1
2
12
4
4
2
33
1
8
7
3
26
26
2
8
9
14
19
8
14
3
3
14
2
1
7
9
21
5
22
0
4
11
21
2
2
3
3
3
8
22
5
7
2
6
3
2
29
2
2
8
6
8
3
2
5
0
22
30
17
4
10
4
0
5
1
10
3
1
4
4
4
9
9
4
52
9
5
1
5
2
14
11
13
9
11
32
8
5
44
6
2
3
4
4
2
4
10
2
10
8
16
26
8
0
10
7
14
9
33
4
2
5
2
1
6
1
6
3
41
1
5
3
5
2
5
3
4
4
6
17
4
12
7
6
29
20
11
12
7
3
11
2
0
7
2
1
17
0
24
2
6
7
23
3
9
32
3
4
2
5
8
9
2
7
17
16
12
26
3
3
0
2
52
11
7
6
8
0
4
10
11
2
7
2
4
9
31
2
2
53
4
5
2
36
23
8
2
4
8
7
4
2
2
2
7
4
6
12
17
4
13
20
27
2
5
3
5
5
3
1
5
5
5
6
2
1
3
13
18
65
14
3
1
7
4
4
3
4
12
20
5
6
22
9
6
6
2
4
33
3
19
7
3
37
2
7
1
3
13
3
16
5
6
11
5
23
2
2
3
2
5
3
11
6
1
3
1
5
27
10
14
3
2
7
2
28
4
2
6
1
13
3
6
5
5
0
30
1
15
5
13
7
3
2
20
11
10
5
6
14
7
3
17
18
0
9
3
3
2
1
3
28
41
6
14
5
13
2
8
3
24
13
8
14
15
2
3
9
1
18
5
6
6
8
18
5
5
19
14
4
6
4
11
3
13
15
5
5
4
3
7
4
3
8
57
3
1
6
18
28
2
2
3
24
2
1
6
0
7
2
2
2
1
3
15
3
10
4
6
12
7
1
10
1
11
14
12
3
3
0
16
28
7
1
5
2
15
1
16
14
5
8
14
3
3
31
13
31
3
2
10
1
6
16
1
16
4
1
7
22
6
8
1
4
11
4
9
60
13
6
5
3
1
0
5
3
4
1
12
3
21
5
2
9
16
2
1
2
13
19
5
2
25
8
2
5
4
1
2
11
2
3
13
5
3
7
4
10
7
17
4
4
1
11
4
7
13
36
1
3
44
6
10
10
34
23
6
2
10
4
2
10
15
23
9
16
2
3
1
1
3
18
2
20
6
5
3
3
7
28
21
46
15
3
5
13
4
12
1
46
12
17
4
7
2
1
69
9
2
19
16
45
1
1
3
15
10
11
4
8
33
1
4
5
2
29
16
7
4
11
10
4
4
18
7
12
1
7
4
10
12
9
47
10
3
10
5
5
31
4
9
13
3
7
4
17
1
0
23
5
3
3
8
3
8
8
11
9
5
12
4
1
10
8
5
27
39
14
4
7
11
9
2
18
1
1
14
0
24
1
13
1
0
17
4
4
10
12
22
1
2
40
7
2
24
4
20
10
5
3
1
6
71
1
28
32
3
20
3
3
1
6
38
9
22
1
5
3
10
26
1
9
4
10
11
1
1
21
2
2
12
3
4
2
2
1
19
20
0
15
9
3
5
107
26
5
2
4
1
6
1
3
5
0
7
3
9
27
9
2
0
3
5
0
24
8
19
4
24
4
7
14
10
2
43
14
21
4
1
23
4
1
17
13
1
19
8
9
8
2
0
20
2
9
1
7
6
7
2
4
25
4
8
0
1
14
19
13
39
1
4
2
6
8
15
6
7
16
41
3
4
13
9
2
8
0
8
27
1
1
4
15
3
21
14
9
27
2
11
3
21
3
135
0
2
3
7
13
6
8
2
12
3
8
7
3
3
17
12
8
1
2
10
1
8
25
12
1
7
7
28
11
8
16
4
4
1
31
67
1
4
8
31
21
36
37
4
5
12
33
3
2
0
1
5
0
11
5
4
15
3
7
4
23
0
11
54
8
14
5
14
8
39
8
10
13
4
8
1
9
51
3
8
2
9
6
2
13
19
1
3
2
2
8
10
12
9
22
14
2
2
2
12
15
3
4
1
7
32
16
2
9
3
2
0
9
4
5
5
18
8
5
54
8
3
0
9
8
18
7
1
20
1
8
2
22
2
2
15
6
2
0
4
12
12
4
7
8
6
0
9
3
12
23
0
3
7
5
2
50
0
4
4
8
4
6
20
2
5
2
15
16
7
14
1
11
2
0
1
12
6
16
2
1
7
5
2
12
12
0
0
3
1
10
3
4
2
4
1
7
23
9
0
2
23
2
20
4
5
1
4
2
7
4
10
10
0
13
20
4
37
2
3
12
0
7
5
1
5
9
16
0
11
7
3
5
10
64
8
2
12
2
5
1
15
15
0
5
8
42
9
54
15
4
1
17
4
3
5
1
6
3
39
1
19
9
0
12
8
5
13
1
3
4
20
16
8
1
9
4
3
9
11
4
2
16
13
8
2
17
1
14
1
1
17
25
10
5
1
20
7
6
8
7
2
11
32
14
3
2
6
6
2
13
19
0
2
9
2
0
19
2
9
2
3
2
3
0
3
3
3
44
26
2
6
3
11
63
0
2
22
41
11
7
8
23
21
28
3
27
29
18
7
5
10
17
2
5
55
17
3
12
4
1
16
3
7
5
2
3
3
3
87
8
2
9
9
28
7
3
8
2
2
2
6
1
6
14
18
8
14
2
0
3
3
3
16
1
2
0
