7
2
0
3
2
2
4
2
8
19
0
2
4
5
2
1
1
0
0
14
8
0
3
0
1
3
0
1
1
5
8
1
2
0
1
0
1
2
3
4
2
1
4
1
0
2
0
0
0
2
0
1
0
9
0
0
1
0
5
0
9
2
6
0
1
10
1
0
0
0
3
0
0
1
1
0
2
2
3
16
0
2
6
1
20
1
5
3
2
0
6
1
4
3
0
5
1
0
0
0
3
2
5
1
4
5
1
0
1
1
2
0
4
14
2
0
0
0
0
1
1
0
1
0
1
0
5
1
0
0
16
1
9
3
13
5
1
11
2
5
6
0
3
1
2
1
3
0
9
0
1
0
0
0
3
2
3
0
2
2
7
1
17
5
0
0
1
1
2
0
4
0
8
0
9
48
2
2
0
0
3
8
16
1
0
1
2
0
3
0
1
4
16
2
0
1
0
1
3
2
3
0
1
5
0
2
9
5
14
4
3
1
2
0
2
1
0
1
0
0
8
0
15
0
2
4
0
0
7
5
0
1
1
3
4
5
0
3
26
3
4
4
1
0
0
0
15
4
4
0
3
0
0
0
13
1
2
1
2
12
7
0
6
26
0
1
2
7
5
2
1
1
4
2
0
1
0
1
3
1
0
2
7
0
0
6
3
0
0
2
0
0
0
1
1
3
4
2
0
0
1
30
18
31
1
0
2
4
2
0
2
1
1
7
7
3
2
2
2
4
1
1
9
0
8
4
1
7
2
6
0
1
3
1
2
1
6
2
1
4
0
10
3
0
2
1
5
0
3
6
0
3
7
1
2
0
1
2
0
8
1
6
0
3
2
3
7
2
1
2
18
0
2
1
2
6
2
1
14
1
3
8
1
11
1
2
1
7
0
3
0
0
0
0
0
3
9
0
8
4
12
0
5
0
18
2
1
3
8
0
1
2
0
13
1
1
8
2
4
0
6
11
1
0
5
1
4
0
3
4
4
1
2
0
0
3
0
3
27
1
2
2
1
7
0
2
2
7
0
1
7
0
3
2
0
0
0
0
4
1
2
1
2
2
1
4
0
0
2
1
4
2
1
0
0
14
9
0
0
3
0
0
9
4
2
1
12
0
0
0
3
9
4
0
5
0
0
2
0
2
2
1
2
2
1
1
0
0
3
5
1
39
0
2
7
3
0
0
2
0
0
2
4
0
4
1
0
2
5
0
2
0
5
9
0
1
9
0
0
5
8
0
1
3
1
1
2
3
0
1
3
18
0
6
1
1
2
0
1
3
3
8
0
1
18
0
5
3
44
4
4
2
5
4
0
1
0
39
5
1
0
2
1
0
2
10
0
7
1
1
2
0
0
10
18
32
1
3
7
5
3
1
0
28
5
5
4
1
3
0
50
2
2
3
2
0
5
0
1
1
12
0
1
0
7
1
1
5
2
7
6
2
0
0
14
2
0
2
2
2
1
2
0
4
13
1
23
1
1
2
0
3
17
3
4
8
3
3
1
1
1
0
2
0
0
0
3
3
3
4
6
10
0
0
3
1
4
4
1
5
4
0
0
4
1
4
2
11
0
2
2
0
1
0
4
0
0
6
1
0
8
1
7
0
5
7
0
3
10
2
6
6
4
3
6
0
9
2
15
10
0
18
0
1
2
3
1
6
1
0
0
1
4
18
0
1
0
5
4
0
0
6
0
0
5
1
2
0
0
1
5
5
0
7
8
8
1
79
15
0
1
1
0
5
0
2
0
3
1
2
1
23
0
0
0
7
1
0
5
13
3
2
3
3
2
7
10
0
32
5
4
2
0
5
7
0
28
0
1
12
1
1
4
4
0
3
2
2
0
3
3
3
0
0
6
5
5
0
2
3
22
1
22
0
0
0
1
6
6
3
1
1
21
1
2
1
4
4
3
1
5
4
0
1
7
1
0
13
2
2
11
2
2
1
14
1
44
2
1
0
1
0
3
1
1
4
0
0
2
0
7
6
25
4
5
0
1
1
2
12
2
0
1
2
46
4
1
7
0
1
0
5
23
1
0
0
13
1
18
17
3
1
0
5
0
0
0
1
4
1
2
2
0
1
2
3
4
5
0
1
16
1
0
0
5
7
14
5
5
8
6
3
1
3
4
1
9
0
1
1
0
3
5
1
0
0
1
3
5
6
0
1
12
0
2
2
8
1
0
0
0
4
24
2
3
1
0
1
2
0
0
1
1
9
1
0
14
1
0
0
3
5
19
1
0
5
0
0
2
10
0
1
4
2
0
0
1
3
2
2
7
4
3
5
4
2
3
7
0
0
1
3
1
4
2
0
2
1
2
2
18
1
1
1
8
7
13
4
0
3
4
0
1
0
1
1
0
0
1
2
0
0
15
1
0
0
1
0
1
2
1
1
0
1
4
2
0
0
3
0
3
2
0
0
0
0
3
2
3
0
3
11
4
0
6
2
1
2
0
1
3
6
0
1
5
0
3
2
1
0
1
48
0
2
2
0
0
0
11
2
0
3
3
19
3
62
1
3
1
2
2
1
1
1
2
0
7
1
6
0
0
7
3
2
9
0
6
1
2
9
0
0
1
1
4
18
2
0
1
1
1
3
3
3
2
1
1
0
1
8
2
0
0
15
3
0
3
3
2
7
2
4
1
3
1
0
0
12
12
0
0
2
0
1
3
2
4
6
0
0
1
4
0
0
1
3
7
1
1
0
5
46
0
0
27
7
0
4
0
5
14
11
4
13
7
8
3
1
15
12
0
3
12
4
2
1
1
2
13
1
0
2
1
0
1
0
78
1
2
3
0
9
0
1
1
1
3
1
3
0
9
3
3
1
2
0
0
2
0
1
1
1
0
1
