16
10
5
25
8
20
14
8
19
67
5
15
26
19
12
7
8
8
11
38
19
7
66
4
2
11
17
6
6
29
7
8
16
4
14
5
7
6
31
34
41
6
19
34
19
0
7
2
1
5
4
0
3
45
8
12
9
5
9
2
25
13
11
1
11
16
16
2
5
7
10
2
3
1
4
12
6
3
3
51
1
11
31
5
46
41
6
16
16
31
31
8
13
18
5
33
4
9
12
10
26
8
51
2
6
21
37
2
3
6
9
2
13
44
3
16
3
4
6
6
53
4
4
17
18
8
11
1
6
0
53
27
60
10
19
3
5
26
6
18
10
1
11
8
15
15
11
4
69
6
4
3
7
2
26
32
22
8
15
32
5
8
88
10
4
5
5
0
2
5
12
3
17
16
25
21
10
2
15
11
18
14
53
4
7
1
0
1
15
7
8
11
55
9
2
7
13
0
30
9
11
9
9
31
14
19
13
37
52
31
23
4
6
9
37
11
2
4
6
4
22
1
26
1
7
12
20
15
21
29
6
4
12
10
15
31
2
15
24
18
22
23
6
6
2
2
84
20
10
14
6
0
5
14
17
7
15
7
6
12
57
5
13
109
3
13
3
21
40
7
7
12
15
6
9
1
2
2
23
7
15
14
15
16
17
31
39
2
7
8
7
3
10
1
4
9
2
15
19
3
5
9
22
105
25
2
11
33
5
1
2
6
13
55
11
18
25
9
5
9
4
9
67
2
54
12
2
44
5
9
2
12
23
3
52
9
13
12
15
46
9
3
4
4
15
8
17
9
7
6
5
8
32
7
39
7
4
14
4
24
4
6
3
12
17
3
9
13
23
3
32
1
32
11
21
12
1
3
51
17
13
14
12
47
9
8
13
30
0
8
0
10
1
5
4
59
57
7
30
6
25
5
11
6
56
13
11
28
23
7
7
14
3
33
3
12
16
16
23
9
5
40
17
4
7
6
23
4
20
29
6
5
12
3
12
2
7
6
83
11
5
2
29
55
2
11
4
46
1
2
3
1
12
10
2
3
1
10
23
1
20
9
7
18
5
3
13
3
14
31
33
6
6
5
16
61
15
1
3
5
9
2
21
19
11
15
15
5
0
14
12
36
17
4
20
2
9
52
3
36
6
1
9
30
12
14
5
5
18
13
12
119
26
7
6
2
1
3
3
4
4
0
13
7
29
11
3
10
32
0
4
1
24
23
9
6
50
7
5
16
5
1
8
38
8
1
16
11
5
8
10
30
29
19
13
8
5
14
7
10
24
42
11
5
94
12
17
24
80
42
9
5
45
9
4
18
8
44
7
13
3
3
2
0
2
57
4
53
10
7
14
11
14
49
48
62
22
7
11
13
10
15
2
77
24
26
4
9
8
1
155
5
2
28
14
43
7
6
7
38
19
8
5
7
63
2
9
3
1
52
36
15
3
9
23
6
4
18
3
16
4
14
6
23
20
36
60
13
6
15
4
7
62
22
19
23
13
27
3
33
3
0
24
8
10
9
6
4
21
20
16
12
11
28
4
1
20
11
5
31
55
8
4
11
28
17
1
38
3
3
11
5
56
0
29
0
3
28
6
8
15
19
40
2
7
68
6
15
35
13
44
16
6
12
8
10
39
2
36
80
8
45
4
7
3
14
25
15
52
0
3
5
25
64
0
21
14
11
11
9
4
50
3
2
20
17
5
1
6
1
61
40
0
20
16
6
9
104
16
11
3
3
0
6
2
6
15
2
15
14
8
50
16
0
2
13
8
0
25
23
53
7
28
4
27
25
27
2
50
13
30
10
2
62
9
2
14
15
4
25
7
15
6
10
0
39
4
14
1
12
6
9
4
2
36
3
28
0
15
24
30
8
75
1
3
2
9
14
25
10
17
27
100
3
11
14
32
3
18
6
4
44
1
1
6
24
1
27
18
19
50
1
24
4
23
13
289
6
0
5
15
19
10
11
8
6
5
5
8
1
15
18
31
12
8
6
16
2
5
66
21
4
12
16
55
11
6
32
4
5
5
64
102
1
7
17
57
20
110
50
6
8
19
68
6
1
4
4
16
1
13
13
5
21
14
8
4
45
0
7
118
10
19
8
18
12
84
10
17
10
5
33
0
19
69
6
17
3
8
8
5
26
35
4
2
4
2
11
11
9
5
39
34
7
7
4
16
12
4
18
1
6
77
30
5
6
8
2
5
14
6
5
11
55
6
8
85
17
1
4
19
17
27
17
2
19
5
5
12
41
2
2
31
22
2
8
4
22
16
5
25
8
14
6
11
17
27
28
0
8
8
8
4
74
4
3
8
10
16
6
30
6
8
10
33
22
7
13
4
23
8
1
1
16
8
25
1
1
15
8
2
17
18
1
1
6
9
19
17
8
2
3
3
21
44
31
5
2
30
1
17
9
3
2
4
4
8
6
20
4
7
12
30
8
39
2
5
12
0
11
9
3
13
17
40
0
17
15
3
12
17
93
16
9
22
6
3
5
20
25
2
9
12
81
8
76
10
4
1
37
9
4
10
2
12
4
34
6
19
6
1
29
21
9
12
4
14
5
43
36
9
3
19
7
13
35
8
9
6
24
7
10
4
13
8
21
11
6
11
74
20
5
5
59
17
13
20
15
4
13
73
23
15
7
15
9
5
24
47
2
7
12
3
2
41
8
20
8
4
6
17
7
15
6
4
38
23
4
3
3
28
127
2
8
36
75
19
19
11
25
37
31
1
30
43
13
16
4
13
72
2
14
109
29
6
20
7
1
33
8
8
5
7
3
8
9
243
11
4
11
9
42
13
5
18
7
11
5
8
4
26
16
13
17
18
5
3
9
6
16
6
9
1
4
