30
32
14
56
36
43
30
24
53
127
14
35
69
66
46
22
8
10
41
93
40
19
166
3
3
32
13
32
30
75
21
27
39
4
26
15
23
13
62
96
128
23
44
46
37
5
29
8
3
32
9
10
14
78
12
28
30
15
29
8
60
66
41
3
19
73
27
8
17
9
27
7
10
8
14
40
33
22
11
169
4
33
58
15
111
82
12
39
17
71
117
43
39
29
15
114
17
25
15
36
79
21
111
5
14
53
66
6
10
9
21
9
45
147
5
32
5
15
18
22
119
9
14
51
27
21
28
11
32
7
128
72
152
32
43
11
13
31
22
55
25
4
27
33
30
37
36
21
228
33
16
7
20
16
74
45
62
31
50
80
21
35
175
40
7
8
29
15
3
17
46
11
52
43
45
92
33
3
30
22
63
49
176
10
17
14
4
4
31
17
17
20
162
15
15
9
28
6
55
31
25
22
34
74
30
59
34
59
121
73
67
16
20
18
79
30
6
19
12
6
76
3
64
4
31
42
98
30
35
108
14
16
23
29
24
74
11
25
51
47
62
54
23
17
4
5
225
38
39
27
17
2
8
34
58
21
28
14
21
39
128
18
13
180
14
20
10
46
110
31
26
26
27
21
15
9
7
5
61
13
34
48
68
22
45
71
121
6
23
14
17
15
23
13
13
18
28
26
30
8
12
67
92
269
65
12
20
59
13
9
15
14
26
137
41
33
76
31
16
21
10
15
168
9
137
35
16
126
19
40
5
19
47
12
119
18
23
40
26
127
10
7
18
15
38
17
66
31
14
15
9
17
85
24
101
7
10
20
12
78
14
17
17
19
56
8
30
39
33
7
89
4
72
38
68
25
9
20
136
53
27
31
30
139
22
8
43
62
5
42
11
36
9
21
21
106
201
35
60
24
70
9
18
15
85
24
27
60
101
12
31
30
4
99
20
49
29
25
67
27
30
91
49
8
24
13
43
10
70
94
21
17
35
6
44
9
15
20
231
36
5
11
83
116
4
20
14
108
15
7
8
7
40
16
10
7
1
22
63
3
42
20
31
53
32
4
35
13
40
79
70
23
11
5
49
143
41
9
9
19
46
7
64
58
28
28
47
17
8
26
56
86
42
9
45
2
34
119
5
79
19
4
46
105
33
33
10
11
29
24
31
349
50
16
21
15
6
5
8
15
30
10
38
18
84
21
4
22
66
6
10
3
66
75
36
24
135
14
7
27
20
5
14
78
15
11
56
29
9
24
28
61
34
61
32
18
8
40
18
36
58
112
17
30
217
6
45
53
174
111
24
23
60
18
10
41
28
88
41
37
9
14
5
4
5
109
5
100
16
18
29
35
37
148
105
228
69
16
24
62
26
49
5
207
75
55
18
25
32
3
313
21
14
49
37
225
22
12
25
56
60
26
11
30
161
7
17
16
6
120
61
31
9
33
68
24
10
60
21
57
8
57
10
56
40
64
192
27
13
49
18
17
142
42
40
46
33
52
17
86
11
2
66
17
20
10
35
9
48
37
69
25
21
41
14
3
38
25
8
85
168
47
14
35
68
42
5
100
4
9
43
7
95
3
59
4
5
69
16
20
38
40
112
8
25
159
39
24
108
27
93
56
26
36
11
27
101
15
87
161
17
94
7
26
10
27
63
33
105
2
13
16
82
133
5
48
45
31
37
38
8
112
4
4
51
35
15
7
19
4
138
137
3
60
27
17
23
354
44
16
12
15
1
18
5
24
24
4
28
18
27
152
32
6
8
22
22
6
68
56
114
12
52
27
55
62
66
15
125
42
69
29
9
124
13
10
80
49
16
79
28
43
35
25
5
79
5
28
7
58
30
20
13
18
130
15
49
2
21
92
71
23
160
8
11
15
16
34
69
17
44
60
167
16
22
40
57
17
56
13
33
114
4
6
28
57
6
57
63
47
125
21
50
18
60
29
608
12
8
7
29
33
22
38
36
39
6
17
31
3
29
52
88
45
16
34
56
9
24
145
49
4
16
44
147
36
18
103
15
17
9
148
290
5
26
39
118
77
207
200
20
14
63
158
11
11
8
13
36
9
32
37
18
58
19
25
9
72
4
20
213
20
57
16
51
22
208
33
38
41
26
71
4
49
175
16
42
13
34
24
7
71
86
13
5
18
5
44
36
56
19
82
71
12
19
18
68
46
18
25
1
15
166
72
7
29
26
11
16
34
21
25
12
144
36
30
235
43
27
5
52
47
82
33
8
78
11
27
23
110
9
2
91
49
11
13
12
50
52
26
49
36
23
13
41
25
68
87
5
14
22
23
11
171
6
13
35
36
28
19
96
12
32
21
61
66
28
32
10
38
19
6
6
42
10
63
14
5
53
13
7
74
55
10
6
29
15
58
25
24
7
7
5
51
100
60
6
6
64
12
49
19
16
6
24
7
20
26
50
24
15
36
83
14
103
9
14
42
2
40
17
10
37
50
91
2
48
37
19
28
46
247
60
17
41
8
6
13
73
59
8
25
33
189
35
180
46
11
2
86
24
5
19
13
33
6
101
8
75
24
7
55
42
49
40
10
31
20
79
95
22
8
57
22
30
88
41
22
10
50
31
28
14
36
11
57
36
12
31
133
50
21
9
138
34
32
34
39
8
40
163
66
25
30
26
23
9
65
123
3
16
50
4
1
75
29
64
31
8
7
36
11
37
3
17
125
72
9
15
9
46
425
4
25
77
158
59
44
27
66
117
108
11
101
93
63
31
23
38
111
13
50
225
51
7
38
13
2
107
16
19
23
15
13
21
13
573
24
14
32
22
137
42
17
31
8
28
20
33
6
66
37
42
43
47
18
11
26
22
38
21
9
13
16
