37
57
11
87
47
46
33
25
103
131
21
102
150
103
80
26
7
16
64
203
95
30
168
6
9
29
18
76
32
141
20
31
52
4
24
20
32
12
53
123
203
45
73
73
41
6
33
12
2
33
1
97
55
131
11
23
62
27
21
19
64
95
57
6
23
97
20
19
11
8
27
9
9
28
21
64
31
24
18
246
6
48
43
18
217
130
11
62
51
83
94
45
46
23
14
136
20
18
45
48
148
32
169
5
35
45
150
5
11
16
38
8
47
247
12
24
8
18
24
25
123
6
20
62
26
28
29
7
40
17
144
130
147
47
38
12
12
45
37
95
22
7
22
46
44
38
76
20
322
39
33
9
18
25
69
59
131
45
67
135
29
33
201
41
8
8
29
21
6
14
58
15
107
37
55
132
43
7
57
45
78
74
154
8
10
18
4
3
55
26
26
26
248
17
19
12
40
12
96
39
20
27
40
113
31
131
25
81
164
125
51
38
23
18
101
16
12
32
14
6
82
12
179
6
40
55
106
35
49
203
9
23
24
50
37
93
11
43
94
79
85
90
36
7
5
12
346
72
49
57
32
15
9
56
67
19
41
13
51
26
142
16
18
219
23
17
17
111
153
48
25
21
48
35
26
11
18
17
87
18
59
60
127
20
62
102
157
24
22
23
19
24
16
9
27
33
27
30
26
9
10
131
96
416
100
11
17
93
41
21
21
34
48
165
29
25
95
43
31
26
10
24
177
8
151
40
17
153
33
73
4
30
78
16
115
14
32
58
27
179
28
22
13
27
59
13
109
28
27
26
15
14
117
57
163
12
21
25
17
110
24
31
25
18
69
10
57
56
58
14
127
5
111
43
78
34
10
10
122
57
75
39
30
183
24
8
87
98
6
76
14
47
9
17
15
108
143
34
48
28
77
16
26
18
173
54
46
67
163
13
42
48
6
130
25
53
51
48
92
24
44
98
57
13
42
19
71
15
64
147
26
33
42
16
43
13
21
26
370
34
5
20
136
125
6
17
9
147
17
8
9
7
35
19
8
5
5
21
102
8
82
29
33
73
25
7
33
16
53
86
78
22
11
9
73
191
55
93
15
20
80
6
57
62
57
54
75
25
9
102
79
134
53
18
67
6
49
118
8
101
26
7
66
134
44
56
12
14
37
45
56
476
26
43
26
22
8
7
22
12
57
12
62
18
143
19
7
32
102
9
20
7
85
68
37
27
217
36
6
31
28
11
37
88
18
8
65
21
8
68
23
81
42
84
36
19
26
61
42
45
72
189
11
15
228
17
49
62
285
105
25
22
72
30
16
61
49
136
66
61
8
15
4
6
9
152
9
91
17
33
45
47
50
219
142
446
90
30
42
81
24
43
2
272
142
78
32
29
25
6
585
36
12
62
67
378
17
14
20
80
55
57
19
43
255
17
19
26
10
151
67
24
18
56
122
32
13
93
35
42
10
63
14
101
79
72
301
48
19
68
11
41
143
40
38
83
47
70
37
138
4
18
129
22
36
27
46
10
58
48
62
44
21
67
20
4
54
51
29
124
237
62
21
43
67
68
27
124
2
4
58
4
112
21
107
4
12
76
7
24
54
38
111
4
25
304
45
16
157
32
94
92
50
51
43
15
138
21
227
206
28
141
12
22
19
38
115
64
127
6
24
22
80
172
10
46
60
71
53
38
7
186
5
6
97
41
37
8
17
7
137
158
8
74
35
33
40
565
84
24
5
25
6
25
4
38
24
6
28
23
30
295
53
11
10
23
20
51
135
66
130
18
100
48
64
63
80
12
201
73
92
30
5
167
20
12
245
57
15
113
55
44
39
17
10
118
13
39
13
65
26
24
10
26
146
20
82
6
18
146
88
40
197
4
20
15
27
45
120
28
58
59
285
7
38
39
54
22
80
7
64
161
7
6
42
131
10
102
72
55
160
23
74
21
99
29
883
17
13
5
24
73
38
31
50
76
8
43
59
7
38
66
102
53
22
28
63
6
22
159
84
7
28
54
257
43
55
168
15
25
15
156
385
11
49
31
144
183
263
506
25
19
83
251
15
12
5
20
49
15
73
48
26
75
13
31
32
123
54
43
295
28
89
26
46
42
184
66
27
75
16
74
7
51
244
12
50
9
48
27
8
94
92
12
9
11
5
48
72
75
28
126
90
9
21
19
139
69
31
29
3
32
313
97
8
41
23
5
34
31
27
40
23
131
59
28
226
45
32
4
76
55
88
27
4
139
13
32
23
107
15
7
129
52
27
15
17
132
62
49
95
46
34
21
43
14
111
124
5
25
20
26
8
293
5
21
53
46
34
30
94
13
49
22
60
73
33
66
6
46
38
12
7
66
18
68
18
8
51
16
8
75
106
6
6
30
20
54
28
37
9
18
3
72
109
54
5
5
99
18
129
15
13
7
30
6
13
27
69
27
16
59
97
20
145
16
16
74
7
69
35
17
39
36
143
7
54
41
19
35
40
319
57
23
67
5
10
9
74
115
2
39
19
234
50
447
46
13
2
102
27
22
10
15
60
11
185
5
102
36
9
76
48
80
38
5
43
20
149
112
30
14
56
21
37
129
39
30
5
57
49
45
22
70
12
40
48
19
67
166
74
38
21
177
68
30
43
44
13
47
157
96
31
23
29
20
8
91
218
6
9
34
3
5
111
37
99
54
19
3
36
17
42
9
11
161
115
5
39
18
85
449
7
39
251
166
62
52
52
96
131
190
7
152
177
112
59
18
70
107
13
67
260
74
10
49
21
5
146
29
19
18
15
19
19
16
728
29
11
44
26
195
58
25
49
8
40
17
40
11
75
82
89
47
84
20
22
27
23
49
61
12
11
16
