12
16
5
23
17
17
13
7
28
43
7
25
46
22
33
7
4
4
14
62
24
11
87
2
2
5
9
12
12
41
11
5
25
1
12
7
10
3
28
40
68
20
10
37
21
3
6
5
1
13
4
0
11
46
8
12
20
14
9
11
15
28
12
1
6
36
11
4
3
5
8
7
2
10
7
18
8
8
5
85
3
24
20
10
50
66
1
12
14
35
29
11
28
9
4
40
11
4
15
16
39
10
71
1
7
12
30
2
4
8
15
5
19
55
6
13
1
4
5
11
43
3
11
13
13
12
18
1
10
2
55
44
45
17
24
6
2
16
20
37
5
2
9
20
22
21
27
18
89
17
12
1
10
9
32
16
47
17
17
47
7
10
89
8
3
3
3
7
1
5
21
4
26
17
26
26
14
3
13
18
23
20
43
4
11
12
4
1
28
6
8
12
73
8
7
4
11
4
37
10
5
11
14
42
11
41
14
27
63
41
20
17
5
8
48
10
4
11
8
3
26
4
42
3
11
16
42
10
13
57
4
5
6
19
19
38
5
14
51
36
35
18
6
1
2
3
119
24
21
21
8
1
9
22
20
8
14
3
17
13
70
6
12
82
9
6
10
29
67
7
5
13
25
30
9
2
1
11
26
10
11
19
46
3
18
32
46
11
8
12
4
8
5
3
11
13
5
15
15
3
2
29
29
110
37
7
6
14
18
7
4
11
18
59
8
8
25
9
8
7
6
8
58
6
61
12
5
69
6
21
4
10
24
5
46
17
22
17
17
44
7
5
7
3
25
7
34
16
7
8
2
5
42
8
67
7
10
12
4
32
8
13
6
9
20
5
11
14
17
5
51
6
42
12
28
14
6
5
60
26
17
6
19
47
5
1
13
28
3
31
6
9
3
8
10
54
55
11
32
8
27
12
5
5
46
19
15
32
38
3
16
20
1
23
8
15
20
12
41
11
9
31
19
9
11
7
29
9
25
34
8
7
18
2
6
8
7
3
126
10
2
6
39
49
4
7
3
60
5
3
4
3
15
8
5
4
2
4
36
2
15
8
15
17
12
4
17
0
14
32
34
10
5
2
24
51
24
0
6
11
22
3
23
16
21
13
21
8
4
25
21
69
17
4
33
0
5
48
5
37
4
2
21
45
19
11
10
6
11
7
12
145
19
10
9
6
4
1
3
6
10
0
22
5
46
7
4
19
21
4
8
3
22
31
12
8
51
17
6
14
5
1
4
23
5
1
15
7
6
9
4
41
28
21
13
11
4
21
14
22
34
51
8
6
106
7
20
12
94
21
6
3
25
12
2
18
18
44
14
12
3
9
1
2
8
41
4
38
9
9
11
10
16
64
52
99
36
2
8
20
10
25
2
81
33
27
6
16
9
1
161
13
7
29
25
77
11
9
14
32
16
28
8
19
73
4
7
8
2
43
24
16
2
11
52
18
6
35
5
14
6
16
4
35
27
32
102
22
8
27
7
15
41
16
23
26
13
22
9
50
2
0
48
9
7
7
15
6
19
17
15
14
7
29
4
2
16
18
14
45
74
16
5
11
29
28
5
46
1
2
15
2
45
0
26
1
5
25
3
16
26
22
46
5
10
72
14
13
45
8
33
22
20
17
6
8
27
3
60
105
10
47
6
6
8
22
26
21
65
1
13
5
38
69
6
14
14
24
18
12
3
61
2
1
36
14
6
1
6
3
52
28
1
24
4
16
7
189
16
6
4
2
1
15
2
13
12
1
10
13
20
86
26
6
4
8
7
0
27
21
44
8
49
8
28
33
24
5
73
26
50
7
1
53
10
5
45
36
7
33
8
22
17
5
4
40
6
20
6
24
9
7
1
5
49
6
27
1
8
39
29
16
72
1
5
7
9
19
33
5
18
12
109
2
14
19
23
4
12
3
27
66
1
4
14
37
6
43
30
21
45
7
21
4
34
13
351
4
3
1
12
26
15
10
8
34
1
20
11
5
16
30
25
20
8
7
18
3
3
64
25
2
14
10
103
13
18
30
3
7
4
87
118
4
19
18
45
53
117
129
9
8
23
80
4
5
3
4
22
5
28
8
9
38
4
7
3
50
1
10
129
13
52
12
11
11
66
20
10
15
4
22
2
12
54
5
25
2
12
9
3
23
30
8
5
4
4
7
22
20
7
46
23
4
12
14
45
23
3
26
2
10
128
33
2
15
8
3
11
17
15
3
12
33
6
8
75
26
6
1
19
18
47
9
2
66
5
7
5
56
3
2
31
18
8
6
3
30
22
13
29
16
10
5
18
7
42
28
1
8
8
12
2
79
2
11
17
25
14
15
32
2
17
8
15
19
14
23
3
29
10
0
2
17
10
20
7
3
18
4
3
22
30
2
2
15
6
31
8
17
1
9
1
20
24
26
1
9
45
10
33
7
1
1
12
3
12
9
37
7
9
25
46
6
51
6
6
23
3
14
10
0
10
13
27
0
17
10
2
19
22
89
16
6
21
2
8
4
37
49
2
10
9
76
11
96
21
9
2
37
3
8
7
3
26
5
41
2
17
18
2
24
21
18
11
5
21
5
73
24
14
3
27
13
16
30
12
8
4
20
22
13
2
26
2
14
18
6
16
52
32
9
5
91
19
17
23
10
3
23
41
25
15
6
12
7
7
37
75
2
3
19
2
3
41
15
22
13
6
3
10
4
8
3
7
71
27
4
11
5
15
109
0
13
56
72
33
37
16
19
54
59
2
51
41
38
12
9
23
45
0
15
113
20
5
14
4
1
34
8
9
5
6
9
7
5
253
9
3
14
5
54
13
14
19
8
7
10
11
3
19
28
14
12
38
10
6
7
14
17
10
4
8
4
