0.04956133933320265
0.004315611679594
0.035723134348418506
0.04762554063308267
0.06715404499239232
0.25801979595931795
0.024490896307397664
0.10691937884727828
0.011193639982202281
0.002485365226219488
0.012459925667547316
0.016213145552282857
0.12646328508509622
0.419632576469206
0.008827392118934477
0.07840898683232365
0.25051555744063536
0.017820103460936553
0.10591491194518221
0.0014054779659590528
0.004682577562375443
0.1415154917885753
0.008153883293665063
0.019878936324463962
0.015710965912985195
0.01175783366459751
0.008832806824287696
0.03833935916757218
0.10169913062921296
0.012628322213709381
0.005827939249574513
0.013597665109966309
0.029476282939482772
0.040982603701832196
0.0752581482001535
0.003137146838940525
0.09882468734070034
0.01809850634545142
0.045011096081796216
0.17125488813746936
0.005423111549110497
0.06175992049702964
0.008958464991446532
0.00216440389860217
0.08792411087133938
0.1599236541413877
0.008297404863189424
0.018183263083006284
0.05026130827675006
0.07746451219764722
0.01573345853984531
0.11477175533035591
0.3067269865509017
0.01770525752203227
0.3111049689930462
0.004662574778125646
0.0055263171301048455
0.015388187726026783
0.12714123661717008
0.057658703875144046
0.014935830071795528
0.006696232577552648
0.0680961855364983
0.08054118330728409
0.31448977822774277
0.020370306407530535
0.03425600653979817
0.014209309441685553
0.6638759111078064
0.023167649264371575
0.008893917593122186
0.05956102862999485
0.32471923886155113
0.0214350972118668
0.0036457194403126864
0.02616920364922639
0.2943734852096648
0.01567783935576878
0.03548338198973289
0.015121552259975357
0.022787096988362697
0.015503630479952507
0.0633020632340495
0.004961043303886705
0.02738937402180384
0.004398477011290832
0.019203371545165354
0.6875675475013964
0.08273880850200958
0.36250576957780495
0.0045578861567480925
0.042284475286950875
0.005370522264884332
0.2957115966973853
0.027565939537117556
0.00320509538891523
0.02602862344807518
0.015406414391987849
0.04696418244868196
0.010884485954288746
0.007835348227771353
0.025478130237762003
0.0007940949274761385
0.19132250496167963
0.005884676278511805
0.01693718436143648
0.015222854345853295
0.11042612711391812
0.05732221421994441
0.12665483749088208
0.008037978979568814
0.9129618936315851
0.026908380606698812
0.5656986300352498
0.0508242336512577
0.10975010945453731
0.06515423976010133
0.009727125670740354
0.5186129398316485
0.0023305546451649417
0.12372529085386896
0.10200335210174909
0.0058650189520244875
0.18972039933266144
0.34509858012568506
0.004771009770024687
0.04559168999944785
0.03726752827403718
0.004555476731972342
0.3472106310861746
0.18438910745374407
0.0033842645572790446
0.3714799492257225
0.6592488764018432
0.019626915605591034
0.018942615470148666
0.028415555759754567
0.013678318086026561
0.06673082906167624
0.004053550132819934
0.171409329517158
0.06877659693315709
0.005428332417733093
0.09529785930841925
0.7807639082701311
0.01955871048120161
0.004554449009423261
0.07296395895773558
0.016099383789926293
0.007948442091819538
0.0244883128002817
0.04394565222146233
0.012945784186128587
0.04308040353782645
0.0016868570955351349
0.0052750965654268815
0.00026022337898716003
0.01579385521816542
0.002288251493807602
0.0025957764169052024
0.022866309329038836
0.00596662549800202
0.004106828012890938
0.005358057771442418
0.09611091343217518
0.012942580924482739
0.1660925714480984
0.021677489555741856
0.07007743634632797
0.46591143919363126
0.030918768864252037
0.03190555420637746
0.3524454824940253
0.8993945400485577
0.026899740702326418
0.004671578304863855
0.01336204113527629
0.40027562130584693
0.8588112258280326
0.051217419914867425
0.04729080063837081
0.0035035180562077274
0.19731652563308835
0.11443903890160485
0.05269199014217546
0.009219260111869992
0.013780024471671759
0.22221350630784037
0.1376922576668314
0.2518666103756108
0.0494253678380903
0.017119842180006166
0.0005010029973475973
0.06599060911485058
0.018164436796341877
0.06900262613351467
0.1450941926824326
0.1660345211559358
0.6889597876762791
0.11817125039506253
0.046884777046703734
0.5567089622875145
0.00897060891391812
0.01155409978242748
0.03857603624674655
0.0056338364846856195
0.007845749025253706
0.0011645135554424263
0.0014935853851146665
0.004694268908889803
0.028520048087686867
0.006102493885849429
0.015656032848208
0.0910484931926693
0.46795480632112074
0.01597150746321745
0.005820623867171969
0.008986004396960312
0.0625412692816455
0.16447584406476426
0.006277845845472573
0.6071301162435405
0.003651829343936247
0.02643455002870566
0.009291228160854231
0.028419253449068337
0.0025173226678714394
0.017484477108352915
0.002890429589341854
0.029712519983335038
0.21182352828396875
0.03860196965643639
0.05869656888214374
0.03163899791483858
0.007708802307347225
0.16036081131645863
0.03952469142923183
0.01492271058106961
0.0037012170225308493
0.08845794396211097
0.05686698387984791
0.00858812412944196
0.05022939643708674
0.03784009213718552
0.03312914323721059
0.04883305134994886
0.0005966233532478214
0.009023372079537335
0.0019551337095978704
0.5980502265460104
0.023620211873026466
0.09109124118479087
0.023980866328781766
0.015341879374776806
0.04999220820030229
0.015086542616249551
0.1023707914458107
0.02788489602009416
0.12749214090293354
0.18566196967645904
0.02285718366284878
0.0065254594582713574
0.015557012113839317
0.02385394226569975
0.011078385231269963
0.07454824933287699
0.005814504481594489
0.007801685631846906
0.08433928206291683
0.015400521381984295
0.039119114362684115
0.19528485527177772
0.036011763336300934
0.029702891515684293
0.10856885903442573
0.0046483316066596924
0.05171085675808228
0.03707307198793917
0.01130460890967644
0.07846559425723411
0.05707148714271315
0.004655597402858801
0.004214901854643383
0.015901402161302074
0.15900980035198434
0.0702086503562485
0.005196063422430778
0.010430565697807145
0.05114007375982825
0.012302575204178757
0.01121281162584336
0.05474386397330326
0.04204057735617787
0.018678168048298912
0.002125742935935337
0.09248566668613416
0.020500618751374093
0.009540798898185394
0.11393898609857031
0.05726234965792888
0.04502652095168267
0.0063445693205787706
0.010465443895419282
0.0007617663225018094
0.1472156821135062
0.21036347758960866
0.019425642236992842
0.05351271522301089
0.27654533071111714
0.05483539338153579
0.16290753048501086
0.005531986272679144
0.023610696954152185
0.02941941878586942
0.012594123205311409
0.005418186449563128
0.005692251670647565
0.0063819792952009196
0.2418867647093529
0.07061640596080723
0.013453660693059158
0.06805975413389785
0.07811639577209338
0.09022780033055465
0.02203033003574476
0.07816826697736977
0.012745732257489557
0.005492120027406558
0.04969131849711813
0.004907345031153628
0.030410100627844043
0.052158309619181234
0.05917984895724933
0.012143578588549817
0.07259968677247094
0.023123732637779636
0.004532561346691807
0.047991517656530376
0.017265544508789463
0.003336658711067559
0.047221478522215324
0.24550635376234467
0.3660385301398822
0.06027548907736555
0.2968070150405991
0.04059573937187942
0.010571656242816748
0.06258362949856996
0.2676146292170958
0.055233993427590514
0.05298738361058095
0.19259109079381406
0.16073108207112732
0.9767906287088264
0.00025712021969014905
0.006725223704774644
0.0025112785613530357
0.029355507505279453
0.031813663115388705
0.015025346007498063
0.05388543475117489
0.0017977758458938003
0.04448823983056315
0.019289711201582013
0.017398456528567578
0.028607111691651737
0.2610707899439187
0.47440982467033754
0.009564114496953402
0.07523986400549143
0.017254078266918667
0.05058396300726529
0.0036372373762585237
0.015500012247861869
0.011511402568223448
0.013715178278619705
0.02741737804970983
0.065221954455855
0.002070988431653676
0.020633139424917204
0.047413247413789474
0.003342812882131581
0.02205131039035338
0.003116965147559819
0.005053044619266883
0.038749524977281596
0.025320762020583466
0.09923156995968345
0.03518162981775229
0.002685506058307384
0.023884312505863082
0.31802158478429066
0.018777443982760177
0.8481751557038548
0.25603596901459463
0.0023948897640190055
0.004387418506952397
0.044180321400069014
0.026743246989078227
0.05432192866396666
0.044312983580673634
0.016561778452377232
0.0017859196405714244
0.07949853086333072
0.021337382722351157
0.0025122373262245696
0.07390858919087641
0.01960078386696652
0.006434712804094212
0.024796622437900435
0.017740005610782705
0.0035756835648619372
0.017649635925133283
0.03838130610840118
0.005300436774152147
0.02580185379154603
0.02211053945311129
0.02801235822769198
0.00733308352791995
0.008403022109018905
0.0321281776274407
0.06130345049509149
0.25891716798280806
0.04520955437021035
0.11393764328428127
0.04902255875118937
0.07028455822292892
0.0025918420998956243
0.026306687122455798
0.005544364452476433
0.06425063142015638
0.4298462962967502
0.010051270209215625
0.012624072957211291
0.020060925256148478
0.01788365337114575
0.012855976373947572
0.009112363021550305
0.0010780063058868088
0.010175870409452777
0.33031622965964924
0.11701097450070982
0.0023897085126149235
0.015212592158104488
0.035783674876960686
0.13715574881741388
0.12971464639669472
0.0005646227049461681
0.09465844870869758
0.011853529745864113
0.13393518344448954
0.4759578842875719
0.13252938951814924
0.03785016701277756
0.034668659192471654
0.04279848098383861
0.037814650011722975
0.0034861079833512034
0.02596295054877975
0.009151102338088463
0.46199788790186325
0.017503075900493024
0.004807932539243434
0.1570724204324212
0.06477276104945515
0.02592721533901563
0.11385111359105607
0.02903505337663429
0.052241289536957544
0.0021922268348691333
0.0026550811625441367
0.05296679902181606
0.02803664515922964
0.626571360555239
0.004307499298551717
0.018964937561151245
0.024139702296081596
0.041828352215955586
0.16261280689042562
0.07603934496963986
0.008375494841925128
0.11173988921034199
0.013360891081105322
0.006203570914690133
0.2994669745677883
0.0526070523176429
0.09077188910761128
0.030333896799891364
0.04909597703016775
0.055803319367125036
0.17327196159613173
0.049994267606257456
0.012908117048416975
0.07207335697079896
0.003442435479259658
0.04557866224901258
0.7931533470474686
0.07221888152062379
0.008306359516614625
0.04404574377480452
0.012342105143344054
0.11059478520353819
0.024945131780134903
0.031333962720467186
0.518864101354896
0.027584796002244262
0.05562361568869719
0.04111305997627555
0.0017715672462746534
0.031902105115762316
0.017931827536896275
0.0008945809954100878
0.01229656163838241
0.030785029599954945
0.005461378461970654
0.05465352332036914
0.015032549882327259
0.024757886113022508
0.01951401374159347
0.39465970693064767
0.04288546773736512
0.038604485675350325
0.006243035576008046
0.16552713435435015
0.02347860470280807
0.013175382805955316
0.020953898390933996
0.041634104232570086
0.023075624945330185
0.023187613102987628
0.004814508126361986
0.03364197734873041
0.006607787409346424
0.0031226734311613114
0.0978146798610113
0.13730283202430926
0.00708193928283409
0.010306431927316648
0.007343993095151708
0.19613571506510705
0.09442747847749688
0.1500268166111094
0.07146478984683609
0.02939341860248425
0.02671272827366881
0.007041491054281088
0.10079995219015259
0.04077771980776802
0.08417530044031298
0.13935560248636167
0.019749280469501966
0.01256133211148443
0.1287742476169139
0.010560121809293482
0.052931878223583306
0.006790486460912551
0.009389564690471763
0.0554390071616232
0.023843347655108628
0.019594647195996788
0.05778246969882859
0.0043772439509196254
0.04503505126493404
0.0077159694328118355
0.0019160024896308504
0.14342247677404257
0.018064719212481147
0.002411359560579226
0.01930213703550209
0.04748138891755732
0.11151094786989883
0.031396021854577655
0.0947156109266809
0.15524704378653584
0.26299537798222505
0.12767119488685943
0.03177301879621501
0.008379936276018433
0.08806882861851463
0.0014070637806398317
0.02837907387842959
0.14231680978473257
0.02114754805734934
0.02613155568096434
0.08702640612939712
0.008025468168227095
0.0793066224920338
0.00925529400633382
0.04002168011233367
0.024179954030986578
0.018141149556747088
0.007464016563914827
0.04211898792885109
0.003929096465967921
0.020514706245034625
0.018422109768930908
0.0013944063064114018
0.09842052412679848
0.02750058161755527
0.32311818844423
0.02170447870824468
0.012269834583952727
0.018671665900790148
0.022625180446283952
0.013341862790238274
0.008352071856704103
0.023281687510664534
0.4736163933106926
0.15655423030919963
0.08260761378769992
0.0023443223423905055
0.008280762762198055
0.0302311619097262
0.039384377333108345
0.03444140216503259
0.01197850169988226
0.018193722726837225
0.9984394589009815
0.014646417537667164
0.00418956406229438
0.010348025585880083
0.002311701826784736
0.057182777656879555
0.2979032620204115
0.016855609466136307
0.19197071938735397
0.02178616967386714
0.05285465622416846
0.11258164211246897
0.08345508069767077
0.0035229687353247998
0.054658105570799864
0.01067725796558389
0.046396566428330704
0.008131368754027106
0.10414703677086938
0.06972626043322536
0.006984558908123188
0.059026398492319866
0.003127649504702133
0.11560863878062126
0.5294671352811791
0.029283753288998432
0.001082383960273668
0.018629789230414837
0.02865548785978238
0.016975211969530456
0.007804784154467207
0.007093319008827701
0.11146815673104353
0.008724770841259883
0.49113814702815695
0.07901289493163438
0.20196569807178397
0.014477872366590806
0.057755254176676554
0.04113458573513723
0.0023810481207065027
0.014814480544328348
0.0259227207088837
0.8087139653637092
0.008291056794734367
0.07871521173920988
0.017212909347909762
0.04525901575801437
0.7036890664380151
0.21559166502229915
0.15525020286704788
0.6160655430241928
0.0015288061391838747
0.022461935291500902
0.054140632383584145
0.055395227344452236
0.0008732619971286652
0.01638126733328681
0.02560393311371696
0.04308516472379016
0.30631303396288334
0.006820950365205437
0.042872003601729096
0.0015845764530502532
0.020028705400559073
0.0033986167100612434
0.02336802435125155
0.3263661564390662
0.011927381025233542
0.012540559803628138
0.026259787819618047
0.038087191854910545
0.052704365591977144
0.011577415099352357
0.34737223825373487
0.05160595925498224
0.019270686345855353
0.008861640991686712
0.01198193210928925
0.15544469689441712
0.004617155249781644
0.06021611538535596
0.009999643527432673
0.035703039583391674
0.12734103122146517
0.09464161888846678
0.019307992164715456
0.3052375456687096
0.1120653854442086
0.029593435051649398
0.035314882268320524
0.009481764948789512
0.021551346166942206
0.0823207621439201
0.018786320089468615
0.044726954916633706
0.00809114442661557
0.01723452765841364
0.21721285947384433
0.11659185791898072
0.025458263282740486
0.01081449302294378
0.0019346795758480664
0.008838847762896795
0.001300594185792092
0.03773625513029788
0.40629397624382746
0.025992405365879524
0.021599409722609816
0.0052095793821987525
0.011058966844052581
0.008172728786475963
0.8983321422030809
0.02975974926163069
0.10008992828811983
0.012159077417879334
0.0307693005860063
0.005792002357050128
0.052571527294735174
0.03511246731052785
0.011844961527479466
0.004283329999732089
0.03678324223663138
0.027833364431515212
0.016498130317894787
0.04130454350754896
0.021481165351239565
0.01478417533285455
0.0012162034237956228
0.029404086480945835
0.12449854370689797
0.00363047208708706
0.009216484123534407
0.11981572233789242
0.007761414278145534
0.223626080438892
0.016764179995147937
0.03895134658521724
0.02003670106427506
0.1701536030133516
0.00042885765548689457
0.0346189408813818
0.0845552197731351
0.007465643637608587
0.005832542507733766
0.13531736897058674
0.0017104719004996862
0.00868972691958955
0.01745014017811963
0.007837493228859568
0.0803472322817847
0.007501790007719585
0.07749819226777507
0.010105083324717169
0.0012930616679369053
0.034893211528699355
0.02945477364371053
0.04508805014065237
0.008971618441621254
0.2816393140967315
0.039104937045335374
0.020106536322186723
0.007510761696814264
0.12293470269712352
0.012329831069140713
0.011211559604880164
0.03332790006144302
0.004148562485361764
0.031461840609982965
0.009873951709281324
0.6397663287737319
0.006491283337439054
0.011680591163631873
0.0007138368147812581
0.07595736681105017
0.009787835910895621
0.8455062220115483
0.07697858788834186
0.017266198369360528
0.0013508295327714739
0.005303847318794596
0.033917487017624495
0.005128578452892581
0.011489820234991501
0.6355570764311569
0.003212191552264553
0.608252334831644
0.047248322188822564
0.10371130693367099
0.033763821938574835
0.003633049011311365
0.0021504013298005217
0.021353129032571146
0.008028658449373512
0.07996319579324121
0.06371563699366564
0.01519462456199792
0.0006423697684449041
0.12961963691577794
0.006853330131760152
0.021031380968496
0.023313671305924103
0.6154809499605387
0.05188574272416161
0.07468030031310531
0.007052430019892612
0.17961568890561713
0.07650571980067486
0.01519222855486053
0.009212327733561317
0.026872949777866317
0.009154350725024749
0.27450301216954476
0.010384816712591458
0.04821858862946079
0.0037810390698769817
0.08420593200965618
0.08654657099286658
0.03366697939726079
0.003566274440925161
0.007650357684972492
0.007250115731019889
0.05480633874897831
0.030825002836563288
0.013472515158114554
0.09170365212477063
0.35992910681365864
0.007105054405510319
0.15454068447738212
0.07504858160333626
0.006203489729084469
0.008591397621787681
0.0019138419351572334
0.013540113170171616
0.12385239961443946
0.008430738593707614
0.01394093513305623
0.03326943454286915
0.0016268345053022857
0.0011429310660283454
0.00553771832471117
0.019809948843515904
0.016812499087293906
0.006721664946111335
0.005567910283792112
0.0452558353774158
0.3752992138981242
0.011275312074903825
0.9517120757867886
0.008507135419826405
0.07351887801118254
0.21041239892157132
0.016264301405304365
0.01050427841830276
0.19066622947320816
0.0856350181418565
0.0023443042431573924
0.00933889822129792
0.00431111765849966
0.3111868446076719
0.023572883749065375
0.05799222702742176
0.1025738752582672
0.005935324269417906
0.03920586549078872
0.019852377992010874
0.010170006003905033
0.014941862466973817
0.10300362050018905
0.014127543368402282
0.007560250945817033
0.006087162055021862
0.027001209312163505
0.09168081594424367
0.09100094421214497
0.04310031245487218
0.03428597030750162
0.0065525680479487855
0.05685190468760778
0.00461165645202205
0.010632338779932573
0.002602193772198642
0.0004747324728623742
0.0076594700661600885
0.029979114515809112
0.07416150812754987
0.0061104345374529325
0.018017136073021644
0.011522536115838066
0.021220584436868355
0.004014858255384107
0.06585233163875084
0.08784094834556064
0.005574513715883815
0.009767130142639092
0.006045364863503997
0.18032712205355755
0.08525680846128941
0.012389808354430853
0.03011099442254005
0.036741696038983016
0.246524120875577
0.018860520623725018
0.048463733734621726
0.006433584950697821
0.00018641784984485372
0.008620732452395717
0.24081948585801158
0.00674014120875015
0.6162701484150432
0.02675418596476094
0.005817399722866398
0.01134916880543638
0.013029132713612557
0.00600109204054312
0.026013284899245065
0.22717923498514375
0.10939691393573328
0.05675119636019608
0.024192698779004897
0.001409017359923528
0.025600562342665046
0.04404675598011294
0.004915219468331825
0.002316576198527207
0.10515792391354113
0.010951040482278128
0.4064110943423592
0.017710128535529657
0.020178395462747307
0.1681671875215759
0.006641192463112175
0.38508902797687833
0.0026037736307497937
0.045478577755197105
0.0058159908675973395
0.0154623423814131
0.038299716115529715
0.023490807538422157
0.03704922844620509
0.2348260748037382
0.024253460372230216
0.0674258808281071
0.014157241021660485
0.04400869138112588
7.682781887494431e-05
0.018672041668672795
0.07418954599684728
0.1437788305132534
0.021513326501928064
0.042661369554913446
0.012648801206915644
0.3571668840662145
0.37876739270961596
0.12393899959710178
0.002835896243789871
0.08252694869869201
0.07046341485303617
0.012415141470508729
0.0007267786501182108
0.014150979716216702
0.8346979431518242
0.05780383332658963
0.019109510695472922
0.02045528821915159
0.001983283033361827
0.0422176390896627
0.005775399394379746
0.059414588384257394
0.04262865476155119
0.017792777115170032
0.02753424652998468
0.00968352980205373
0.0800220805615434
0.02399503477347615
0.08153723672188373
0.02570203827497544
0.00931185563761124
0.5450960104070649
0.02750912872472926
0.008421259225182299
0.003742538009058096
0.14992315785258514
0.06858514560448212
0.010159115099594745
0.038210107141449665
0.1550268152739104
0.14693096481083037
0.04893544732405948
0.007821280623103607
0.002429820476245413
0.004880873094073261
0.027390213430560528
0.042792581785773866
0.01897281324907473
0.10833617409602006
0.28109302768109107
0.02697382941573796
0.0030633483164711033
0.010568672899074743
0.004408200655800078
0.00648001671989708
0.01729459356660743
0.040670935605893764
0.038649621335825154
0.020424828768418453
0.792500065174433
0.003520273520336349
0.00436481739589076
0.03981246977130204
0.041007119258824755
0.018242791800307155
0.013863474774403967
0.06306859632641505
0.00933268430042626
0.005815033243664057
0.01640362322776629
0.08428334709317696
0.19861061096648208
0.23085013031231214
0.011510424887734887
0.010731447481204885
0.08538593517642805
0.09446713939765891
0.002329379677266707
0.0024503114801239863
0.32583692718793894
0.26908191356003125
0.00603941209932634
0.2313136625983842
0.007046140114323317
0.13694019870563215
0.13717845837233095
0.0081185232015657
0.004880337363793527
0.09946392975220854
0.06751927219563755
0.30310304701450824
0.00768676551021012
0.02824389215090794
0.00235972626189181
0.028759568408464893
0.38103528911372697
0.020436799981507287
0.021916833919632978
0.0650926881187033
0.1402051891858278
0.008962274432531924
0.021717870796185073
0.012043685991359774
0.004883047593379172
0.005873708768750519
0.004829982866669883
0.023073555617301282
0.45354178376377147
0.0016014256056379663
0.053576341203673536
0.004056360728153905
0.019333572205206217
0.018215733149293145
0.03501001229351551
0.0068441605120518915
0.2323067373918153
0.0391144279954846
0.008196575263967037
0.008730727870035393
0.03214007044162694
0.003970086040429093
0.024526640359305036
0.006484931394317603
0.17938507568366155
0.10378807820105965
0.05598213221242495
0.05993969125495006
0.04454239067619752
0.017421695325205613
0.14464532213029435
0.007524637098538882
0.02217106345337564
0.022908374941811423
0.02292054664697768
0.01251534904852962
0.0642683616109607
0.006798836816371568
0.03430338139609057
0.007984789161557048
0.006345428161175916
0.0072319345415587325
0.002325858693131496
0.037569696379417664
0.010405120340128958
0.011581530887878227
0.21185054438775236
0.005776396314141484
0.03243319587158121
0.13740473475357778
0.02818476529418411
0.024466310519867935
0.44782991393902744
0.003166839269311315
0.02447831055296822
0.1318398582251154
0.18010263733148638
0.013813825480147816
0.006595741417515425
0.028812963781087348
0.10322036906522328
0.015923465724169854
0.11542256641175701
0.007629823538714629
0.18616939713984168
0.23865197157545032
0.09941119025427007
0.036132902066938845
0.05477099577802437
0.005140259576729758
0.18331120050223548
0.03213702643569381
0.029064518716606463
0.3594609064419328
0.008566802195086699
0.3163075302468173
0.006177837811634397
0.4133083989162863
0.005294857897304981
0.03976331303329486
0.008598560870601579
0.011552682523858403
0.19232297607954763
0.10711855001445329
0.03454918401311837
0.035317181825916
0.014703983498573572
0.000725054974459281
0.06515555160646727
0.2478522652671924
0.001427886501031444
0.23690172530174497
0.28168730674130804
0.06463370103640449
0.6114193212125857
0.00884912849210776
0.02475615079674006
0.11891834143258476
0.005537852673125461
0.03427950615954377
0.013443162993991314
0.004292488683424742
0.07609322028279149
0.011876133090624883
0.009547873300059392
0.0014771852783053672
0.02008971915706592
0.011440816002718337
0.06407760034876467
0.0038259925378173014
0.012327238199998597
0.011346448839090532
0.027613858138173974
0.04811648792058216
0.05130147318672472
0.02984954421491979
0.2782300090079867
0.0447134887656913
0.07297252007787737
0.6516985438105479
0.04608905738464874
0.015950724423445965
0.0014009207164935055
0.0239913378009225
0.0049241679621296105
0.031106859855449465
0.03614357114603737
0.006664222358263051
0.19071265268450285
0.07288319957598441
0.021601115773008904
0.006957657771649044
0.23689299492490976
0.023551923826344193
0.03686256489207636
0.021036154767005
0.005780888728227065
0.0034307153589973813
0.05328924383527396
0.023453359369668282
0.0018716628992889897
0.022161995716751027
0.18962307297359718
0.01769081054658107
0.041889065626697544
0.0020731729485128463
0.01861610162190378
0.6340404980196913
0.015331802006705425
0.007913854013926589
0.003510566290849646
0.06805193765860669
0.022547800251616526
0.008347354615128127
0.029501205407218834
0.22586433959502278
0.0015355678653640411
0.0468196085049699
0.09987694823918254
0.2465498424271592
0.0036140247312523334
0.333907278492433
0.04686030522972182
0.00046066891402365983
0.10266911408383243
0.05353740476082956
0.01821163060498961
0.22803745301498246
0.0193931805948114
0.005820625610851877
0.03401008357374839
0.1493609254469541
0.017001885392561217
0.04924591448803601
0.2727647783293824
0.2572740924938213
0.28775515787715344
0.006388442966376766
0.01162104904185932
0.014116568710007965
0.002487446703650297
0.025903294669639497
0.05615169356923193
0.04336567786952237
0.007140619329049007
0.00900211516124406
0.00606065991401031
0.1355402152699645
0.0051282504503271315
0.0036433298932803024
0.005737715710091578
